[
  [
    "Villarreal",
    0.06666666666666665,
    -0.06666666666666665,
    -0.5333333333333333,
    0.0,
    -0.4
  ],
  [
    "Espanyol",
    -0.06666666666666665,
    0.06666666666666671,
    -0.4666666666666667,
    0.0,
    -0.1333333333333333
  ],
  [
    "Rayo Vallecano",
    -0.06666666666666671,
    -0.2,
    -0.2
  ],
  [
    "Girona",
    -0.1333333333333333,
    0.06666666666666668,
    -0.8,
    0.0
  ],
  [
    "Deportivo Alavés",
    0.1333333333333333,
    -0.46666666666666673,
    0.0,
    -0.13333333333333336
  ],
  [
    "Real Madrid",
    0.2666666666666667,
    0.46666666666666673,
    0.2666666666666667,
    0.4
  ],
  [
    "Valencia",
    -0.2666666666666667,
    0.2,
    0.2,
    0.1333333333333333
  ],
  [
    "Mallorca",
    -0.4666666666666667,
    -0.06666666666666665,
    0.2
  ],
  [
    "Celta",
    0.4666666666666667,
    0.4666666666666667,
    -0.1333333333333333,
    0.4
  ],
  [
    "Barcelona",
    0.0,
    0.8,
    0.1333333333333333
  ],
  [
    "Real Betis",
    0.0,
    0.5333333333333333,
    0.8,
    0.9333333333333333
  ],
  [
    "UD Las Palmas",
    -0.33333333333333337,
    -0.2666666666666667,
    -0.33333333333333337,
    -0.4
  ],
  [
    "Real Sociedad",
    0.33333333333333337,
    0.06666666666666665,
    0.0,
    0.13333333333333336
  ],
  [
    "Sevilla",
    -0.13333333333333336,
    -0.2,
    0.0,
    0.19999999999999998
  ],
  [
    "Atlético",
    0.13333333333333336,
    0.4,
    0.33333333333333337
  ],
  [
    "Real Valladolid",
    -0.33333333333333337,
    -0.4,
    -0.06666666666666667,
    -0.9333333333333333
  ],
  [
    "Getafe",
    0.33333333333333337,
    0.2666666666666667,
    0.0,
    -0.4
  ],
  [
    "Athletic",
    0.06666666666666665,
    0.2,
    -0.2666666666666667,
    0.4
  ],
  [
    "Leganés",
    0.06666666666666668,
    -0.8,
    -0.2,
    0.0
  ],
  [
    "Osasuna",
    -0.06666666666666668,
    -0.06666666666666668,
    0.06666666666666667,
    -0.19999999999999998
  ]
]